0.0  0.0
0.04    0.23216
0.08    0.44864000000000004
0.12    0.64944
0.16    0.83456
0.2    1.004
0.24000000000000002    1.15776
0.28    1.2958399999999999
0.32    1.4182399999999997
0.36    1.5249599999999996
0.39999999999999997    1.6159999999999997
0.43999999999999995    1.6913599999999995
0.4799999999999999    1.7510399999999995
0.5199999999999999    1.7950399999999995
0.5599999999999999    1.8233599999999994
0.6    1.8359999999999994
0.64    1.8329599999999993
0.68    1.8142399999999992
0.7200000000000001    1.7798399999999992
0.7600000000000001    1.729759999999999
0.8000000000000002    1.663999999999999
0.8400000000000002    1.582559999999999
0.8800000000000002    1.485439999999999
0.9200000000000003    1.372639999999999
0.9600000000000003    1.244159999999999
1.0000000000000002    1.099999999999999
1.0400000000000003    0.940159999999999
1.0800000000000003    0.764639999999999
1.1200000000000003    0.573439999999999
1.1600000000000004    0.3665599999999989
1.2000000000000004    0.1439999999999988
1.2400000000000004    -0.0942400000000013
1.2800000000000005    -0.34816000000000136
