0.0  0.0
0.24    0.23216
0.48    0.44864000000000004
0.72    0.64944
0.96    0.83456
1.2    1.004
1.44    1.15776
1.68    1.2958399999999999
1.92    1.4182399999999997
2.16    1.5249599999999996
2.4000000000000004    1.6159999999999997
2.6400000000000006    1.6913599999999995
2.880000000000001    1.7510399999999995
3.120000000000001    1.7950399999999995
3.360000000000001    1.8233599999999994
3.6000000000000014    1.8359999999999994
3.8400000000000016    1.8329599999999993
4.080000000000002    1.8142399999999992
4.320000000000002    1.7798399999999992
4.560000000000002    1.729759999999999
4.8000000000000025    1.663999999999999
5.040000000000003    1.582559999999999
5.280000000000003    1.485439999999999
5.520000000000003    1.372639999999999
5.760000000000003    1.244159999999999
6.0000000000000036    1.099999999999999
6.240000000000004    0.940159999999999
6.480000000000004    0.764639999999999
6.720000000000004    0.573439999999999
6.960000000000004    0.3665599999999989
7.200000000000005    0.1439999999999988
7.440000000000005    -0.0942400000000013
